lowest point:
9001.23 0.9 alpha B 1 0.8 bias
[ 44,
    18,
    40,
    7,
    8,
    9,
    42,
    14,
    5,
    4,
    23,
    47,
    36,
    37,
    38,
    39,
    35,
    34,
    33,
    48,
    31,
    0,
    21,
    17,
    30,
    20,
    16,
    2,
    22,
    28,
    45,
    24,
    3,
    50,
    11,
    27,
    26,
    25,
    46,
    12,
    13,
    51,
    10,
    32,
    43,
    49,
    19,
    15,
    29,
    41,
    6,
    1 ]


8944.599480123243 0.9 alpha B 1 0.7 bias
[ 24,
  3,
  5,
  4,
  14,
  23,
  38,
  34,
  35,
  33,
  36,
  45,
  43,
  47,
  37,
  39,
  42,
  8,
  9,
  40,
  18,
  44,
  7,
  48,
  31,
  0,
  21,
  30,
  17,
  2,
  16,
  41,
  1,
  6,
  20,
  29,
  22,
  28,
  49,
  19,
  15,
  46,
  13,
  51,
  12,
  26,
  25,
  27,
  11,
  50,
  10,
  32 ]

  8495.272990533264 0.7 alpha B 4 0.7 bias
[ 41,
  1,
  6,
  29,
  22,
  49,
  19,
  15,
  28,
  33,
  34,
  35,
  38,
  39,
  47,
  37,
  5,
  23,
  24,
  3,
  14,
  4,
  36,
  45,
  43,
  31,
  48,
  0,
  21,
  17,
  30,
  20,
  2,
  16,
  44,
  18,
  40,
  7,
  8,
  9,
  42,
  32,
  50,
  11,
  46,
  25,
  27,
  26,
  13,
  12,
  51,
  10 ]

  107 cities
  65211.61606612169


70 cities 

797.414451970399
[ 24,
  44,
  38,
  60,
  8,
  26,
  45,
  39,
  20,
  33,
  11,
  59,
  51,
  9,
  49,
  57,
  36,
  15,
  46,
  22,
  0,
  35,
  37,
  21,
  62,
  65,
  56,
  14,
  23,
  48,
  54,
  25,
  7,
  27,
  31,
  2,
  13,
  19,
  29,
  43,
  67,
  42,
  16,
  40,
  5,
  41,
  17,
  3,
  1,
  6,
  18,
  58,
  68,
  30,
  12,
  28,
  69,
  34,
  52,
  4,
  64,
  55,
  50,
  66,
  47,
  32,
  61,
  53,
  10,
  63 ]